function clrs = targetColors()
    
    clrs = nan(8,3);
    clrs(1,:) = [0.8941    0.2020    0.2098];
    clrs(2,:) = [236 0 140]/255; % for Illustrator
    clrs(3,:) = [0.9961 0.8784 0.4];
    clrs(4,:) = [0.4000    0.7412    0.3882];	
    clrs(5,:) = [0.4196    0.6824    0.8392];
    clrs(6,:) = [0.2157    0.4941    0.7216];
    clrs(7,:) = [0.6961    0.3059    0.7392];
    clrs(8,:) = 1.1*[0.6510    0.3373    0.1569];
    
end
